10, 10, 10, 10, 10, 10, 10, 10, 10, 10, 10, 10, 10, 10, 10, 10, 10, 10, 10, 10, 10, 10, 10, 10, 10, 10, 10, 10, 10, 10, 10, 10, 10, 10, 10, 10, 10, 10, 10, 10, 10, 10, 10, 10, 10, 10, 10, 10, 10, 10, 10, 10, 10, 10, 10, 10, 10, 10, 10, 10, 10, 10, 10, 10, 10, 10, 10, 10, 20, 20, 20, 20, 20, 20, 20, 20, 20, 20, 20, 20, 20, 20, 20, 20, 20, 20, 20, 20, 20, 20, 20, 20, 20
10, 10, 10, 10, 10, 10, 10, 10, 20
20, 20, 20, 20, 20, 20
10
NOT FOUND
20
, 20, 20, 20, 20, 20, 20, 20, 20, 20, 20, 20, 20, 20, 20, 20, 20, 20, 20, 20, 20, 20, 20, 20, 20, 20

type : ROOT
nk : 1
10 
    type : IM
    nk : 5
    10 10 10 10 10 
        type : LEAF
        nk : 6
        10 10 10 10 10 10 

        type : LEAF
        nk : 6
        10 10 10 10 10 10 

        type : LEAF
        nk : 6
        10 10 10 10 10 10 

        type : LEAF
        nk : 6
        10 10 10 10 10 10 

        type : LEAF
        nk : 6
        10 10 10 10 10 10 

        type : LEAF
        nk : 6
        10 10 10 10 10 10 


    type : IM
    nk : 8
    10 10 10 10 20 20 20 20 
        type : LEAF
        nk : 6
        10 10 10 10 10 10 

        type : LEAF
        nk : 6
        10 10 10 10 10 10 

        type : LEAF
        nk : 6
        10 10 10 10 10 10 

        type : LEAF
        nk : 6
        10 10 10 10 10 10 

        type : LEAF
        nk : 9
        10 10 10 10 10 10 10 10 20 

        type : LEAF
        nk : 6
        20 20 20 20 20 20 

        type : LEAF
        nk : 6
        20 20 20 20 20 20 

        type : LEAF
        nk : 6
        20 20 20 20 20 20 

        type : LEAF
        nk : 6
        20 20 20 20 20 20 


